%YAML:1.0
---
my_detector: !!opencv-object-detector-hog
   winSize: [ 64, 128 ]
   blockSize: [ 16, 16 ]
   blockStride: [ 8, 8 ]
   cellSize: [ 8, 8 ]
   nbins: 9
   derivAperture: 1
   winSigma: 4.
   histogramNormType: 0
   L2HysThreshold: 2.0000000000000001e-01
   gammaCorrection: 1
   nlevels: 64
   signedGradient: 0
   SVMDetector: [ -5.56232524e-04, -3.13454717e-02, -1.43535286e-02,
       -2.63578165e-03, -1.78073382e-03, -1.92667060e-02,
       -6.42135134e-03, -1.94473770e-02, 1.60781387e-02, 2.74337661e-02,
       -6.26804912e-03, -7.09028635e-03, -1.45207131e-02,
       -2.88416222e-02, 6.25463901e-03, -1.37581322e-02, -3.04974709e-03,
       4.34455946e-02, 4.78119515e-02, -6.46651862e-03, 6.36067893e-03,
       9.00093652e-03, 4.41937596e-02, -3.37890342e-05, -1.99059229e-02,
       -3.36201973e-02, 3.77114303e-02, 8.61330796e-03, 4.51714266e-03,
       4.20588488e-03, 2.02703141e-02, -6.12228317e-03, 1.00464951e-02,
       -1.51136778e-02, -1.30558042e-02, 4.96098958e-03, 1.36410957e-02,
       -6.53659552e-03, 1.30054541e-02, 2.63045598e-02, -4.07258142e-03,
       3.68216611e-03, -2.01966483e-02, 9.20765568e-03, 3.70290503e-02,
       2.31346432e-02, 1.04052890e-02, 2.84028705e-02, 4.69155908e-02,
       4.14590687e-02, 2.82298140e-02, 1.24874869e-02, 3.90233584e-02,
       1.68510359e-02, -1.39527591e-02, 1.35301836e-02, 1.71527900e-02,
       2.33749989e-02, 1.04583893e-02, 1.07050370e-02, -7.10026314e-03,
       1.82628557e-02, -3.56585556e-03, 1.90603416e-02, 4.39861557e-03,
       -4.18403139e-03, 1.55540723e-02, 1.11598670e-02, 9.84984264e-03,
       8.51351582e-03, 2.13745162e-02, 1.63797811e-02, 1.40213622e-02,
       1.91297662e-02, 2.54292004e-02, 2.01917049e-02, 1.73623618e-02,
       1.93090905e-02, 2.32579914e-04, 1.04795126e-02, 1.70269213e-03,
       2.72372309e-02, 1.89309102e-02, 1.25772180e-02, 8.65250174e-03,
       1.81820549e-04, -7.79547961e-03, 1.04887523e-02, 2.02743411e-02,
       5.64102940e-02, 4.03779419e-03, 6.65306812e-03, -1.69105642e-02,
       -7.51786958e-03, -1.21196434e-02, -3.51206213e-03,
       -1.51558183e-02, 5.58282901e-03, 1.35986162e-02, 2.61710789e-02,
       -1.20556029e-02, -2.97336206e-02, 9.29642934e-04, 2.59631686e-03,
       -1.87125187e-02, 2.44066268e-02, 4.14177626e-02, 5.57850953e-03,
       1.98173337e-02, 1.25279054e-02, -1.31854108e-02, -2.72980575e-02,
       -7.81785883e-03, -1.32726068e-02, 1.21187931e-02, 1.95109993e-02,
       3.03086396e-02, -3.03575192e-02, 7.64148450e-03, -1.20746335e-02,
       -1.79470591e-02, -5.07214107e-04, -8.09510238e-03,
       -3.48715088e-03, 3.02872136e-02, 3.31362546e-03, 2.40956545e-02,
       -7.72134925e-04, -1.25078466e-02, 4.95557953e-03, 1.10538080e-02,
       -2.55257506e-02, 1.07578374e-02, 2.69546974e-02, -2.12295204e-02,
       -3.64724472e-02, -5.14499657e-03, -2.22537126e-02,
       -1.33364778e-02, 1.29539901e-02, -2.31968835e-02, -1.59339942e-02,
       6.09173498e-04, -5.15581034e-02, -2.41982751e-02, 1.86855625e-02,
       -2.63282508e-02, 1.12305554e-02, 7.25176372e-03, -8.70191399e-03,
       2.55141454e-03, 3.63925993e-02, -7.76543655e-03, -1.42263435e-02,
       -4.17478289e-03, -3.89301740e-02, -2.47217901e-02, 4.40429598e-02,
       -4.34479043e-02, -2.37779990e-02, -1.70243699e-02,
       -2.63685100e-02, 1.03242612e-02, 4.58984263e-02, -7.76425796e-03,
       3.17083579e-03, 2.36765537e-02, -4.82397154e-04, 1.69321056e-02,
       4.60670441e-02, -1.03808870e-03, -2.90794820e-02, -5.06447209e-03,
       -5.84430322e-02, -1.84051134e-02, 1.94527451e-02, -3.47750001e-02,
       -1.28311757e-03, 7.76026212e-03, -1.29800877e-02, -1.90379694e-02,
       -3.50780017e-03, -5.36110364e-02, 2.63763238e-02, 2.18627471e-02,
       1.15940860e-02, -1.08726509e-02, 1.57359317e-02, -9.47627425e-03,
       -1.89364590e-02, -2.44609895e-03, -2.52777021e-02, 1.69908851e-02,
       -2.70816777e-02, -5.55590913e-02, -4.18314375e-02, 9.87409428e-03,
       -1.35066069e-03, 3.04438323e-02, 1.55191487e-02, -3.50490175e-02,
       5.72339445e-02, 2.15523560e-02, 3.18023525e-02, -1.31603787e-02,
       3.63649763e-02, -6.81205606e-03, -1.19674311e-03, 3.89696471e-02,
       -7.01003615e-03, 1.07469549e-02, -1.78886559e-02, -3.61081772e-02,
       -2.57117245e-02, 2.49446202e-02, 7.88024534e-03, 2.84266192e-03,
       1.65362377e-02, 1.59548537e-03, 2.82222796e-02, 1.56476703e-02,
       -1.77918039e-02, -1.51202399e-02, 3.60679589e-02, 9.69205704e-03,
       -3.27577032e-02, -8.65509827e-03, -2.62117293e-02, 5.54835424e-03,
       1.16554238e-02, -1.57789923e-02, -2.12988090e-02, 4.89407033e-02,
       -5.79773309e-03, 3.95737542e-03, 3.12939361e-02, 1.28385173e-02,
       5.13961315e-02, 1.97042041e-02, -1.78662722e-03, 1.32402306e-06,
       5.53789325e-02, 1.79890469e-02, -2.80302726e-02, 1.16958264e-02,
       5.10874297e-03, -1.48445470e-04, 2.09670840e-03, -1.22509766e-02,
       -2.23455839e-02, 3.00571173e-02, -1.03462338e-02, -7.64152734e-03,
       1.39400335e-02, -2.33539511e-02, 5.76946931e-03, 1.24288369e-02,
       -4.86635882e-03, -3.19368057e-02, 2.46102065e-02, -1.17800431e-02,
       1.24941999e-03, 1.47033054e-02, -3.21430713e-02, -4.50676121e-02,
       -4.60387729e-02, -1.69882998e-02, -1.89904980e-02, 2.29730941e-02,
       -3.25007476e-02, 1.92648433e-02, 3.08308527e-02, 6.65911799e-03,
       2.13520620e-02, 3.94787826e-02, 1.83845274e-02, -3.00785024e-02,
       1.01706665e-02, 1.28146987e-02, -1.50986365e-03, 3.52545152e-03,
       -1.48608526e-02, -2.38016937e-02, -2.42434666e-02,
       -1.75328553e-02, -1.98902562e-03, 2.37735491e-02, -2.81469058e-03,
       -1.50385145e-02, -1.01089012e-02, 6.35909941e-03, -8.19267053e-03,
       -3.11228883e-04, -1.60984490e-02, -9.61332582e-03, 1.34670772e-02,
       -2.34929770e-02, -2.81775892e-02, -1.98615231e-02,
       -1.02951443e-02, -1.74601958e-03, 1.79213211e-02, -2.64878608e-02,
       -2.67256498e-02, -1.53756300e-02, -2.54323017e-02, 4.04434977e-03,
       -9.38254409e-03, 1.06907813e-02, -9.01265722e-03, -2.99962480e-02,
       2.73974556e-02, 2.42946520e-02, 3.12636085e-02, 3.76142911e-03,
       -1.26439184e-02, 5.03742881e-03, -2.67286599e-03, -8.43999255e-03,
       -3.25448532e-03, 4.85470472e-03, -2.41108332e-03, 7.42205791e-03,
       -1.56597942e-02, -2.83773150e-02, -1.26220426e-02,
       -2.82979663e-02, 7.47105991e-03, -1.65925995e-02, 4.42861533e-03,
       -1.12703880e-02, -6.34801015e-03, 2.48885565e-02, -1.50361033e-02,
       4.02556593e-03, -3.85392271e-02, -2.63078921e-02, 2.52121035e-03,
       3.49876285e-03, -1.05869966e-02, -5.46051003e-03, 1.79164670e-02,
       -4.14824951e-03, -5.70798665e-03, 5.14489226e-03, 2.50737742e-02,
       -2.82536466e-02, 2.44184621e-02, 2.78918408e-02, 2.44795196e-02,
       -2.38543320e-02, -1.84756517e-02, -8.44015554e-03,
       -2.17680018e-02, 8.41776561e-03, 8.15324485e-03, -1.57192498e-02,
       9.23722051e-03, -7.35140545e-03, -4.20011431e-02, -2.23800112e-02,
       1.39249004e-02, -1.85287371e-02, -1.19263697e-02, 2.04790644e-02,
       2.20304597e-02, -3.10469512e-02, -9.92852543e-03, 5.08876098e-03,
       -2.92683281e-02, -8.35398957e-03, -1.72631778e-02,
       -2.17041746e-02, -5.30973412e-02, -9.08737537e-03,
       -4.54478189e-02, 3.04295565e-03, -2.45564058e-02, -6.83068531e-03,
       1.06333494e-02, 6.39597932e-03, 3.88184972e-02, 2.83233747e-02,
       1.30202835e-02, 9.86457895e-03, 2.03096997e-02, -2.72910967e-02,
       -3.43828537e-02, 4.33022251e-06, 1.45186053e-03, 3.33240405e-02,
       -4.74031037e-03, 1.12122465e-02, -5.01630874e-03, 1.13145579e-02,
       -3.15265507e-02, -1.52574312e-02, -1.14904623e-02,
       -1.29272012e-04, -2.54953769e-03, -2.33793519e-02, 1.30497282e-02,
       -1.42556550e-02, 3.25879715e-02, 1.91523116e-02, -2.78991666e-02,
       -3.68376784e-02, -2.27091853e-02, -6.77632773e-03,
